z坐标超过20400的设备列表：
/AS13-1: [36736, 0, 26453]
/HM2: [36920, 0, 26147]
/980WF095: [38610, -1457, 20660]
/980WF096: [36425, 1744, 20660]
/FWC-L: [118363, 1996, 26254]
/AS1-1: [118373, 1995, 26051]
/AS3-1: [118382, 1995, 24546]
/AS5-1: [118384, 1995, 23046]
/AS12-1: [118285, -4, 26753]
/SG2-1: [118393, 1295, 26228]
/AS2-1: [118382, 1995, 24753]
/AS4-1: [118384, 1995, 23249]
/AS7-1: [118398, -1995, 26046]
/AS9-1: [118382, -1995, 24550]
/AS11-1: [118384, -1995, 23046]
/AS6-1: [118393, -1995, 26253]
/AS8-1: [118382, -1995, 24753]
/HM1: [119515, 3, 23143]
/AS10-1: [118384, -1995, 23249]
/TG1: [122500, 3825, 22364]
/699TC183: [70920, -10995, 21250]
/699TC184: [14870, 10724, 21237]
/980WF094: [70726, -10988, 21030]
/980WF096a: [15178, 10697, 21030]
